1024 1
  -1.0117735e+03
  -1.5170597e+03
  -3.7616606e+01
   3.0391162e+03
  -4.8779653e+02
   1.5996008e+03
  -3.9792015e+01
   1.8429687e+03
   1.5828779e+03
   1.1439928e+03
  -4.3898631e+02
  -3.1718616e+03
   8.2246982e+02
   3.7549727e+02
  -1.5860392e+03
  -1.4622267e+03
   2.0145021e+03
  -4.0092761e+02
   3.1209181e+03
   1.7869923e+03
   2.6912540e+03
  -2.2972692e+03
   3.4385152e+03
   4.0003817e+02
  -2.2303245e+03
   3.0708416e+03
  -8.0952079e+02
  -1.2839281e+03
  -1.6594329e+02
   3.7529311e+02
   2.1344728e+03
  -7.2511235e+02
   1.2782861e+03
  -3.0913837e+03
   3.9099620e+03
  -2.5412236e+03
   9.4164899e+02
  -5.1288498e+02
   3.3990732e+03
  -2.0766443e+03
   3.0568599e+00
  -4.1985480e+02
   2.7273673e+03
  -8.9394282e+02
  -7.0594138e+02
   5.7530640e+02
  -1.0314620e+03
   3.4590815e+02
   2.3412684e+03
   4.5573280e+03
  -7.7765774e+02
  -1.1904840e+03
   3.7857368e+03
   2.4952575e+03
  -2.6580357e+03
  -6.0526023e+02
   1.3672377e+03
  -6.1426849e+03
   3.7885234e+02
  -8.1705873e+02
   2.5572258e+02
  -2.9860020e+03
  -9.2553084e+02
   4.0603884e+03
   1.9174900e+03
   2.7370216e+02
   5.3083233e+02
  -4.8869106e+03
   1.6336463e+03
   2.5232557e+03
  -2.1311527e+03
   4.5529918e+03
   1.2602651e+03
  -3.4810481e+03
   3.1330531e+03
  -4.6800398e+03
   3.8026525e+03
  -1.0426445e+03
   5.4885524e+02
  -6.4812541e+02
  -1.2562392e+03
  -1.6386479e+03
  -2.6321585e+03
  -6.9861152e+02
   4.6748343e+01
  -4.7655180e+02
   4.0179098e+03
  -1.6750436e+03
   2.1701630e+03
  -2.1290633e+03
  -3.0278138e+03
  -2.1449523e+02
   4.0841416e+02
  -9.8063510e+02
   2.9965707e+03
  -3.1471276e+03
   3.3935458e+03
  -1.0695865e+03
  -3.0072350e+02
   4.9787134e+02
  -2.8158205e+03
   1.4156653e+03
   6.5896762e+03
   9.9306250e+02
  -2.4528677e+03
  -7.3113790e+01
   4.4022114e+02
   8.3620888e+02
   1.7730136e+02
   2.5189875e+03
   1.0858650e+02
  -1.3616347e+03
   8.5778727e+02
  -8.0217118e+02
  -2.5697808e+03
  -1.9822169e+02
   3.3316423e+03
   1.0774582e+03
   1.3217919e+03
   2.2226953e+02
  -4.3229640e+03
   2.7643115e+03
  -2.5300361e+03
   6.1716270e+02
  -1.7354074e+03
   7.2922518e+02
  -3.2068499e+03
  -2.9039222e+03
  -1.2069392e+03
   1.1901116e+03
   2.4797547e+03
   4.8303082e+03
   2.2933343e+03
   2.7248957e+03
  -1.1905017e+03
   3.3730361e+03
  -2.9443394e+03
   5.8669740e+03
   1.2168762e+03
   3.1585989e+02
   5.5350005e+02
  -1.0380400e+03
   4.3104754e+03
   2.5332073e+03
   1.7681740e+03
  -8.3682008e+02
  -2.9429261e+01
  -3.0687898e+03
   9.3055186e+02
   2.0642212e+03
   3.1881621e+03
  -7.6123169e+02
   2.1989806e+01
   1.1222985e+03
   2.2578421e+03
  -3.9912419e+02
   8.0322052e+01
   1.6254887e+03
  -1.7171681e+02
  -3.2132590e+02
  -2.2541440e+03
   2.3854307e+03
  -2.8178466e+03
   1.3434577e+03
   6.6141338e+02
   1.6835019e+03
  -2.3642207e+02
  -5.2540266e+02
   8.4722613e+02
   5.0926418e+02
   2.0688537e+03
   6.8234021e+02
   7.8487053e+02
  -1.5483500e+03
  -2.5756460e+03
   2.8673984e+02
   6.8650795e+02
  -3.4338423e+03
   1.0995994e+03
   2.4316293e+03
  -9.7071838e+02
  -2.7977841e+03
  -5.2146325e+03
   2.8215298e+03
  -2.2300370e+03
  -1.8153410e+03
   1.3606689e+02
  -6.3703410e+01
   2.4948064e+03
  -2.8126291e+03
   2.4352453e+03
  -5.0859926e+02
   7.7283762e+02
  -4.0153089e+03
   2.6046415e+03
   1.2430431e+03
   2.4641698e+03
   1.5587162e+03
   5.0104734e+02
   4.7567147e+02
  -3.7832248e+03
  -7.4126161e+02
  -3.5347999e+02
  -3.7490603e+03
  -6.6954493e+02
   1.2816749e+03
  -2.2955968e+03
   1.2184466e+03
  -8.3960153e+02
  -8.7576472e+02
  -4.9773497e+02
   3.1381296e+03
   3.1594018e+03
  -9.4224088e-01
  -3.9530707e+03
  -1.3239989e+03
   3.0661063e+02
   1.3700186e+03
   1.9171512e+03
   4.9413920e+02
   1.0720941e+02
   3.8839679e+02
   1.7094395e+03
   5.3322057e+03
   3.0605522e+01
   2.2199337e+03
   2.0880816e+03
   1.4985350e+03
  -5.7890257e+02
   6.1141180e+03
   4.6125400e+02
  -1.6628601e+03
   3.8281862e+03
   4.0398441e+03
  -3.2694895e+03
  -1.4224544e+03
  -3.8017112e+03
   4.0517711e+02
  -1.7819125e+03
  -1.2880339e+03
   1.0432617e+03
   1.5910826e+03
  -5.1092491e+03
   1.0162142e+03
  -8.2911671e+02
   1.8945238e+03
  -2.2913807e+03
  -2.6171410e+03
   2.2957958e+03
  -4.5276112e+03
   2.4289288e+03
  -3.1923148e+03
  -6.9463584e+02
  -5.9113562e+02
   3.2631922e+03
   1.3466581e+03
  -5.1129462e+03
   9.4517981e+02
  -3.1232182e+03
  -2.9393142e+03
  -3.0513945e+03
  -1.8455576e+03
  -2.3374946e+03
   1.1729374e+03
   9.4322860e+02
   9.9103824e+02
  -2.5505129e+03
  -1.3909290e+03
  -1.9483386e+03
  -1.5520748e+03
  -1.4339031e+03
  -8.8194462e+01
  -1.6869152e+03
  -9.8276658e+02
  -1.4991716e+03
  -3.0323536e+03
  -2.3481821e+03
   1.1399196e+03
  -7.3602465e+01
  -3.3135759e+03
   1.6489643e+02
  -1.1374710e+03
  -1.7256284e+03
   1.2476779e+03
  -7.5509588e+01
  -6.2331474e+02
  -2.3635279e+03
  -1.4136575e+03
  -1.3596527e+03
   2.7453193e+03
   8.8249957e+02
  -3.8722397e+03
   1.0357917e+03
  -2.5372506e+03
  -1.7127540e+03
   1.2077916e+03
  -2.4576819e+03
   3.9248982e+02
   3.8162701e+03
  -2.0532466e+03
   1.1363434e+03
  -1.4994498e+00
  -3.3023059e+03
   3.7317226e+03
   1.0168738e+03
  -4.6683474e+03
  -4.4225939e+02
  -3.8473337e+03
   1.2488968e+03
  -3.2628908e+02
   5.8745601e+02
  -1.2910526e+03
   1.5038026e+03
   1.8502362e+02
  -1.4089442e+03
   2.4310145e+03
  -4.8077276e+03
   1.6557991e+03
  -9.3267990e+02
  -1.3723239e+03
  -1.7964975e+01
  -4.1997604e+02
  -7.0409493e+02
  -4.0176499e+03
   1.0534316e+03
  -1.1606113e+03
   3.3226843e+03
  -1.6494816e+03
  -4.2518402e+03
  -1.6824302e+03
  -1.4576493e+03
   3.9372151e+02
  -3.1996313e+03
   3.7391047e+02
   1.7004034e+03
   1.1065624e+03
  -3.7869050e+03
   2.1140762e+03
  -1.0305584e+03
   4.2209438e+01
   6.6824016e+02
   5.5351204e+02
   3.3247687e+03
   2.4296632e+03
   1.0674764e+03
  -1.8999484e+02
   1.9913381e+02
  -4.5794339e+02
   1.5987682e+03
   2.5012031e+03
   9.8155205e+02
   2.4809584e+03
  -1.7880096e+03
   1.6143149e+03
  -1.2296980e+03
  -3.5445247e+03
   1.4576723e+03
   1.7722706e+03
  -2.3995727e+03
   3.3569104e+03
  -2.8023986e+03
   5.1591936e+01
  -7.6505675e+02
  -3.6282336e+02
   1.3872990e+01
   3.5186255e+03
  -1.1933545e+03
  -2.9748005e+03
  -3.1361872e+02
  -1.8125500e+03
   1.2801510e+03
   2.9073513e+03
   4.6179705e+02
   1.1587301e+03
   2.2485452e+03
  -2.0199407e+03
  -4.0147526e+03
   5.6535716e+02
  -1.3386395e+02
   3.3050206e+03
  -1.0153598e+03
  -1.2205021e+03
   1.4625668e+03
   1.5513218e+03
   2.0764882e+03
   1.9970772e+03
   5.4621936e+02
  -1.5197645e+03
  -9.2909540e+02
  -1.4182992e+03
  -7.6871085e+02
   6.1525742e+02
  -3.4881506e+03
  -2.2793522e+03
  -2.2303802e+03
   1.1457844e+03
   1.5508314e+03
  -3.6798254e+02
   2.9773600e+03
   4.4904356e+02
   1.6304347e+03
   1.4280882e+03
  -2.4077705e+03
   1.7402913e+02
  -4.8908911e+02
  -1.7177041e+02
  -5.9933251e+02
   3.0773888e+03
  -2.8310001e+03
  -2.6217621e+03
   8.9610236e+02
  -2.2673918e+03
  -1.5123619e+03
  -2.1592998e+02
  -3.7178361e+00
  -1.3741370e+03
  -2.1335469e+03
   2.0589342e+03
   2.9886416e+02
  -1.8302314e+03
  -1.7288758e+03
  -2.4397664e+03
  -4.9345929e+02
   4.5027567e+01
  -2.3915287e+03
   4.1350062e+03
  -1.9314685e+03
  -2.2477629e+03
  -7.6468267e+02
  -5.6820087e+02
  -3.3025518e+02
  -1.3777503e+03
   5.9626487e+02
  -2.1131600e+03
  -3.0694880e+03
   1.2534071e+03
  -1.6151041e+02
   8.1560109e+02
   9.8551270e+02
   8.1909349e+02
  -2.6066869e+03
  -5.6349937e+03
  -5.7530049e+02
   9.6448704e+02
  -2.1912805e+03
   2.9239480e+03
   2.7824574e+03
  -3.3912880e+03
  -2.2757112e+02
  -3.9947672e+02
  -2.4583431e+03
  -2.3132760e+03
   6.2137397e+02
  -5.0823647e+03
  -1.3575185e+03
  -4.8822009e+02
   1.1862882e+03
  -1.8849368e+03
  -1.7042208e+03
   2.7998818e+03
  -1.9906486e+03
  -8.5715721e+02
   1.9376831e+03
  -8.5879758e+02
   8.6371232e+02
  -9.2215035e+02
  -8.1893592e+02
   2.9774397e+03
   2.7033384e+03
  -1.9246999e+03
  -6.5071583e+02
   1.6614017e+02
   2.3330552e+03
   1.2375068e+03
   6.3425245e+02
   2.6345571e+03
   1.1719801e+03
  -4.5702041e+03
  -3.0851832e+02
   1.5420190e+03
   2.1149758e+03
   2.5062381e+03
  -3.7780585e+03
   1.5413992e+03
   1.3092561e+03
   2.8143656e+03
   4.0236791e+03
   2.9594450e+03
  -1.2203109e+03
   1.4625682e+03
  -9.8656303e+02
  -2.2934611e+03
   4.3735091e+02
  -5.2701584e+02
  -2.1516445e+03
  -2.9220438e+03
   2.1771497e+03
  -1.1352413e+03
   2.8828336e+03
   4.7528830e+02
   2.1534741e+03
  -2.7183479e+02
  -1.6101326e+03
   8.5322497e+02
  -3.7255593e+02
  -3.5415449e+03
   1.3466285e+03
   3.9522773e+02
  -2.6164859e+03
  -1.4044003e+03
   1.6271315e+03
   2.9556843e+03
   1.8397260e+03
  -1.1260408e+03
   1.0524245e+03
  -3.7340709e+02
   1.0095796e+03
  -1.1276468e+03
  -1.7430646e+03
   3.5471086e+02
  -1.3144794e+03
   2.1420836e+03
  -2.4933923e+02
   2.7484217e+03
   2.5758786e+03
  -4.2109922e+03
   6.7852666e+00
   1.6163529e+03
   1.8394199e+03
   6.5843013e+02
  -4.4626669e+03
   2.7015433e+03
  -5.8879580e+02
  -8.1041305e+01
   4.8288574e+03
   8.3585244e+02
  -1.6428116e+03
  -2.1967031e+03
  -2.1954650e+03
  -2.2478616e+03
  -1.7863407e+03
  -5.7015523e+01
  -2.0422927e+03
  -4.9650892e+03
   2.1986601e+03
   2.2419734e+03
  -5.0868161e+02
  -2.2847573e+03
  -1.9944004e+03
   6.3613078e+01
   1.4204277e+03
  -7.0608022e+02
  -6.4794472e+02
   8.5084466e+02
  -2.6621762e+02
   3.5629537e+02
   1.6496218e+03
   1.2261281e+03
  -1.2475545e+03
   4.2474828e+03
   1.1421807e+03
  -1.0329764e+03
   1.1551182e+03
  -9.6911265e+02
   8.5051761e+02
  -8.6825822e+02
  -3.9142763e+03
  -1.7870411e+03
  -2.5026475e+02
   3.8729415e+03
  -1.9962260e+02
   3.6754670e+02
  -3.1690911e+03
  -3.0407624e+03
  -1.8749083e+03
  -4.1776736e+03
   4.4808498e+03
  -1.0509436e+03
  -2.7071366e+03
   1.5512260e+03
  -1.2865315e+03
   1.2960717e+03
  -3.6850957e+03
  -5.9044465e+02
   2.4498922e+03
   3.5864327e+03
  -4.0521210e+02
   3.1066210e+02
  -3.2582712e+02
   3.5449366e+02
  -3.8260880e+03
   1.1212603e+03
  -2.6170180e+03
  -8.6266127e+02
   4.2839179e+03
   1.3021122e+03
   7.6835736e+02
   8.6063899e+02
  -5.5152495e+02
   8.4500535e+02
  -8.8195028e+02
  -2.5225825e+03
  -1.2053966e+03
  -1.0585154e+03
   2.2604077e+03
   1.1953273e+03
  -1.2263657e+03
  -8.7930735e+02
   7.6503200e+02
  -1.6771590e+03
  -9.5276636e+02
  -1.4881222e+03
  -4.9310762e+02
   2.6145572e+03
   4.2701623e+03
   4.7884300e+02
  -4.2980961e+03
  -1.4080771e+03
  -2.1451593e+02
  -2.6789979e+02
   1.6915490e+03
   1.1101432e+03
  -1.6665008e+03
  -3.3734525e+03
  -7.9733436e+02
  -1.9196935e+03
   2.4721662e+03
   7.8669267e+02
  -4.4698055e+02
   1.8871748e+03
  -4.7090824e+02
   1.2441472e+03
  -7.2130183e+02
   1.3595268e+03
   2.2354640e+03
  -1.4478610e+03
   8.4754746e+01
   1.5577156e+03
   3.6293919e+02
   1.0123081e+03
   1.1119894e+03
  -1.2709846e+03
   3.2873485e+02
  -1.0881824e+03
   3.7578936e+02
  -1.6037990e+03
  -1.4007896e+03
  -2.4155560e+03
  -4.6234904e+03
  -2.2655773e+03
   2.3648981e+03
   1.2382662e+03
   3.2960203e+03
   2.7258721e+03
   1.9024965e+03
   1.3670554e+03
  -2.7008251e+03
   1.6764794e+02
   2.7052552e+03
  -5.7683234e+02
  -3.4509075e+03
  -1.3085366e+03
   3.7214230e+02
   6.3680737e+02
  -2.1143089e+03
   3.2300216e+03
   5.9675011e+02
   5.0446838e+02
   1.3191791e+03
   3.2321631e+03
   3.4710640e+02
  -1.0996452e+03
   2.5161090e+03
  -1.4726423e+03
   9.4743092e+01
   1.6002329e+03
   3.8073313e+02
   1.2227424e+03
   2.6487195e+03
   1.2851575e+03
   1.2144302e+02
  -1.1711882e+03
   3.1046304e+03
   2.4516444e+03
  -4.9827479e+03
   1.0981246e+03
   9.2007208e+02
   2.4559815e+03
   4.3861643e+03
  -3.6442276e+03
  -1.1753712e+03
  -6.2370051e+02
   1.0109745e+03
   5.1992881e+02
  -7.5550650e+02
  -2.2872917e+03
  -1.6321019e+03
  -1.2515068e+03
   4.0692408e+02
   1.0834570e+03
   2.2698408e+03
  -3.2067306e+02
   7.5054569e+02
   2.6783933e+03
  -2.9521874e+03
  -4.1425414e+02
  -1.0738266e+03
  -1.3993592e+03
  -3.8443722e+03
  -8.0826876e+02
   5.6379589e+03
   1.5915830e+03
   6.5609014e+02
   3.4430849e+01
  -1.2646073e+03
  -8.1317854e+02
  -3.3436093e+03
   2.0915448e+03
  -1.5122627e+03
   6.0573582e+02
  -9.4938406e+02
   1.2119744e+03
   9.8034884e+02
   1.6536927e+03
   4.4142004e+01
  -8.2591900e+02
  -5.4393590e+03
   1.1867381e+03
   2.8607206e+03
   6.7720421e+02
  -2.4722798e+03
   4.8437082e+03
   2.5943721e+03
   8.1039335e+02
  -2.6936124e+03
  -3.1837365e+03
   3.7229350e+02
   3.2374775e+03
  -6.5104532e+01
   4.7528214e+02
   1.5676565e+03
  -9.4251424e+02
  -7.7229403e+02
  -8.0297921e+01
   5.7101409e+02
   5.1469526e+03
  -6.4797924e+02
  -5.4186439e+02
  -1.6752125e+02
   2.3175356e+03
   4.0496911e+03
   6.2340751e+02
  -2.9404878e+03
   2.0898499e+03
   6.4637956e+02
  -8.6816234e+02
   5.3888122e+03
   1.1948764e+03
   6.0008937e+02
  -1.4826560e+03
  -1.6566852e+03
  -2.6201948e+03
   2.6577832e+03
   2.0196642e+01
  -2.7329649e+02
  -3.6487693e+03
   3.4571625e+03
   8.7840442e+02
   1.0252498e+03
  -4.9224761e+03
  -2.2644213e+02
   5.3025506e+02
   9.6257555e+02
   1.5869591e+02
  -3.9140102e+03
  -3.3094596e+03
  -3.4881014e+03
  -3.3565493e+03
   8.6776919e+02
  -9.2258687e+02
   3.3536335e+03
  -3.0693649e+03
   2.3712334e+02
   8.9054291e+01
   2.2995237e+03
  -2.9489871e+03
   2.8933927e+02
   4.6415152e+03
  -4.6456996e+02
   1.8413001e+02
   3.2875093e+03
  -3.9695063e+03
   3.3797181e+03
   4.4194731e+02
   1.4561635e+03
  -3.8498527e+03
   1.2921391e+02
   3.2642955e+03
  -3.4059971e+02
   1.6246650e+03
   3.6584737e+03
  -5.1221808e+03
   5.0360489e+03
   2.8016575e+02
  -1.2254258e+03
   4.6696145e+02
   6.1376358e+01
  -1.6141244e+03
  -6.4010954e+02
  -6.1209875e+02
   1.0786836e+03
   3.1057852e+02
   4.7837561e+02
   2.2813197e+03
  -1.4856663e+03
   1.0568670e+03
   3.8854462e+02
   1.1857349e+02
   3.1044288e+02
   1.6379365e+03
  -5.8141715e+02
  -6.4499267e+02
  -8.2367052e+02
  -2.8433209e+03
   7.3269039e+02
  -1.4117303e+03
   4.5909143e+02
   3.4683309e+01
   1.0354627e+03
  -2.1298153e+03
  -4.3818515e+03
  -2.6296004e+03
   1.8191288e+03
  -7.2202511e+02
   2.1505000e+03
   9.5540348e+02
   1.7979589e+03
  -2.4326075e+03
   6.6327583e+02
   3.5183626e+02
  -1.2352598e+03
   2.3013209e+03
   8.6269276e+02
  -4.9659412e+02
   1.5899119e+03
  -2.6541983e+03
   8.2784539e+02
  -6.6821070e+02
  -2.8498494e+03
   4.1289668e+02
   6.0334272e+02
   1.2715167e+03
   1.1487921e+03
  -1.7625642e+02
  -2.2384378e+02
   2.4187447e+03
   3.5371727e+02
   2.4806915e+03
   8.6710566e+02
  -3.2084558e+03
  -1.4562724e+03
  -9.3427844e+02
  -8.3339701e+02
   1.2827245e+03
  -2.2869957e+03
   9.5741599e+02
   2.6154548e+02
   2.2768378e+02
  -1.8151389e+03
   5.4267344e+02
  -2.4629404e+03
   2.9081135e+03
  -8.9567844e+02
   2.1207037e+03
   1.6691501e+03
   9.8331688e+02
   3.5196557e+03
  -8.2117564e+02
   1.1276933e+03
  -1.7046509e+03
  -2.7142592e+03
   2.1440259e+03
   6.1835381e+02
   1.0344068e+03
   4.1056319e+03
  -3.4906455e+03
   1.5340268e+03
   3.7664605e+03
   9.6095814e+02
   2.8725834e+03
  -2.6061281e+03
   5.2166542e+02
   8.4984093e+02
  -1.2053181e+02
  -1.8830635e+03
  -3.1543309e+03
   2.0510687e+03
   1.9065589e+03
  -1.0620696e+03
   1.6239100e+03
   6.4546136e+02
   1.2284419e+03
   1.7958591e+03
  -1.9191067e+03
   1.5331907e+03
   6.5738554e+02
  -4.5066386e+02
   3.5226297e+02
   1.0354146e+03
   2.5787409e+03
   2.0417349e+03
  -2.1367657e+03
   1.0645470e+03
   1.3717865e+03
  -2.6087191e+03
   2.3506366e+03
   5.0154237e+02
   6.5652410e+02
  -6.1291671e+02
   1.6288079e+03
  -8.4902735e+02
   3.1372693e+03
  -6.9676403e+02
  -2.4259869e+02
   4.6663325e+02
  -7.8574879e+01
  -2.4889642e+03
  -2.7812344e+03
  -3.2200186e+03
  -2.6528588e+02
  -2.8669223e+03
   2.0863171e+03
   1.6762338e+03
  -2.2796861e+03
   7.5632284e+02
   3.7732832e+03
  -4.9116059e+03
   3.1965785e+01
  -1.2087811e+03
  -1.5510788e+03
   1.6299955e+03
   1.7235001e+03
   1.1802911e+02
   1.6233072e+03
   2.5689705e+03
   7.2177459e+02
  -2.3681295e+03
  -1.8152914e+03
   1.5842860e+03
   2.2231297e+03
   4.3922141e+03
  -3.5058131e+02
   7.1215892e+02
   1.1053494e+03
  -2.2228761e+03
  -5.4484811e+01
  -1.9160621e+03
  -6.6944971e+02
  -2.4136173e+03
  -6.8818281e+02
   1.2334260e+03
  -1.0247971e+03
   4.0506536e+03
   5.1310482e+02
  -5.0899987e+03
   2.7834921e+00
  -1.7107047e+03
   1.3765951e+03
  -1.6273750e+02
  -5.3217651e+03
   2.1432308e+03
  -3.0941928e+03
   5.7412004e+02
  -7.7538506e+02
   1.3408896e+03
  -4.9915980e+03
  -3.4015521e+02
  -1.3143166e+03
   1.6296303e+03
   2.2865533e+03
  -1.0662878e+03
   1.0359991e+03
   2.2647766e+03
  -1.1195316e+03
   1.4490337e+03
  -8.6943056e+02
  -2.6487362e+03
   4.2897279e+03
  -2.0940680e+03
  -4.6937647e+03
   2.7684418e+03
  -1.3787213e+03
  -1.7870004e+03
   3.7594163e+02
   1.4096239e+03
   1.5916465e+03
   1.9759571e+03
   3.2988185e+03
   3.7751019e+03
  -2.3667629e+03
  -1.7556523e+03
  -1.1451111e+03
   6.9715369e+02
   3.3606937e+03
   1.7536351e+02
  -5.2394767e+02
  -9.0565642e+02
   3.4715990e+03
   1.0476177e+03
   1.1397052e+03
   3.8446809e+03
   1.7498186e+03
   1.4828586e+03
  -2.4719363e+03
  -3.1784503e+03
   2.7615737e+03
   1.6279080e+03
  -6.4537135e+02
  -2.8726930e+03
  -1.4371832e+03
   1.1345626e+03
   8.5765242e+02
  -7.5308656e+02
  -2.2544092e+03
