   -510.999277
   -510.000230
   -508.999842
   -508.000106
   -507.000312
   -505.999732
   -505.000545
   -504.000160
   -502.999775
   -502.000278
   -501.000003
   -499.999876
   -499.000251
   -497.999907
   -497.000461
   -495.999451
   -494.999560
   -493.999769
   -492.999809
   -491.999891
   -490.999637
   -489.999746
   -488.999483
   -487.999974
   -486.999735
   -485.999812
   -485.000483
   -484.000018
   -483.000722
   -481.999714
   -481.000337
   -480.000063
   -478.999855
   -477.999477
   -476.999550
   -475.999613
   -474.999846
   -473.999745
   -473.000108
   -472.000002
   -471.000175
   -469.999588
   -469.000392
   -468.000005
   -466.999840
   -465.999550
   -465.000186
   -463.999942
   -462.999706
   -461.999855
   -460.999864
   -459.999485
   -458.999958
   -457.999954
   -456.999838
   -456.000100
   -454.999832
   -454.000364
   -453.000293
   -451.999961
   -451.000246
   -450.000092
   -449.000305
   -448.000250
   -446.999852
   -445.999658
   -444.999414
   -443.999977
   -442.999682
   -442.000517
   -440.999930
   -439.999910
   -438.999732
   -437.999684
   -436.999763
   -435.999347
   -434.999871
   -433.999872
   -433.000394
   -432.000040
   -430.999891
   -429.999909
   -428.999643
   -428.000162
   -426.999627
   -425.999776
   -424.999594
   -423.999664
   -422.999908
   -422.000480
   -421.000033
   -419.999871
   -419.000085
   -418.000192
   -416.999596
   -415.999840
   -414.999730
   -413.999841
   -413.000224
   -412.000174
   -411.000311
   -409.999528
   -409.000349
   -408.000187
   -406.999840
   -406.000057
   -405.000196
   -404.000265
   -403.000286
   -402.000096
   -400.999658
   -399.999461
   -399.000275
   -398.000264
   -396.999723
   -395.999780
   -395.000260
   -393.999627
   -392.999960
   -392.000570
   -391.000152
   -390.000223
   -389.000002
   -388.000058
   -387.000184
   -385.999883
   -384.999940
   -384.000179
   -382.999902
   -381.999843
   -381.000185
   -379.999789
   -378.999963
   -377.999912
   -377.000114
   -375.999640
   -374.999857
   -374.000036
   -373.000096
   -372.000041
   -371.000343
   -369.999917
   -368.999829
   -367.999857
   -366.999970
   -365.999739
   -365.000344
   -364.000337
   -363.000188
   -362.000404
   -360.999999
   -359.999823
   -359.000269
   -357.999708
   -356.999925
   -356.000237
   -354.999833
   -353.999844
   -353.000065
   -352.000008
   -350.999703
   -350.000054
   -349.000120
   -348.000212
   -346.999666
   -345.999677
   -344.999918
   -343.999727
   -343.000038
   -342.000558
   -341.000141
   -339.999483
   -338.999723
   -337.999927
   -336.999848
   -336.000274
   -335.000191
   -334.000225
   -333.000219
   -331.999551
   -330.999537
   -329.999900
   -329.000040
   -328.000675
   -327.000053
   -326.000312
   -325.000120
   -324.000007
   -322.999751
   -322.000029
   -321.000378
   -319.999831
   -318.999941
   -318.000041
   -316.999940
   -315.999537
   -314.999948
   -314.000029
   -313.000650
   -312.000194
   -311.000431
   -309.999683
   -308.999857
   -307.999857
   -307.000184
   -305.999773
   -305.000095
   -303.999866
   -302.999916
   -301.999754
   -301.000044
   -299.999710
   -298.999859
   -297.999947
   -296.999779
   -296.000051
   -295.000069
   -294.000000
   -292.999895
   -292.000625
   -291.000212
   -290.000078
   -288.999774
   -287.999992
   -286.999878
   -285.999971
   -285.000011
   -283.999531
   -283.000155
   -281.999900
   -280.999967
   -280.000057
   -278.999703
   -278.000031
   -277.000075
   -275.999795
   -274.999889
   -274.000235
   -273.000111
   -271.999954
   -271.000044
   -269.999971
   -269.000361
   -267.999968
   -266.999834
   -265.999836
   -264.999744
   -264.000127
   -262.999767
   -261.999804
   -260.999997
   -259.999811
   -258.999726
   -257.998969
   -256.999681
   -255.999978
   -255.000091
   -254.000203
   -253.000394
   -252.000437
   -251.000059
   -249.999996
   -248.999755
   -247.999869
   -247.000435
   -245.999797
   -245.000044
   -243.999876
   -242.999748
   -241.999591
   -240.999903
   -240.000660
   -238.999744
   -238.000144
   -237.000170
   -235.999510
   -234.999972
   -233.999842
   -233.000074
   -231.999581
   -230.999880
   -229.999733
   -229.000374
   -228.000018
   -227.000281
   -225.999495
   -225.000378
   -223.999685
   -222.999786
   -221.999827
   -221.000491
   -219.999510
   -218.999992
   -217.999786
   -217.000458
   -216.000071
   -214.999969
   -214.000278
   -213.000328
   -211.999719
   -211.000441
   -210.000541
   -209.000478
   -207.999874
   -207.000098
   -205.999903
   -205.000366
   -204.000425
   -202.999855
   -201.999985
   -201.000192
   -200.000358
   -198.999783
   -198.000341
   -196.999587
   -195.999967
   -195.000004
   -194.000188
   -193.000031
   -192.000270
   -190.999942
   -189.999851
   -189.000100
   -188.000427
   -187.000252
   -186.000255
   -185.000053
   -183.999306
   -182.999900
   -182.000187
   -180.999943
   -180.000078
   -179.000260
   -177.999460
   -177.000501
   -176.000080
   -175.000560
   -174.000297
   -172.999899
   -171.999771
   -171.000179
   -170.000044
   -168.999878
   -167.999915
   -166.999810
   -166.000394
   -165.000288
   -164.000481
   -163.000149
   -162.000234
   -160.999700
   -159.999910
   -159.000039
   -157.999985
   -156.999985
   -156.000592
   -154.999973
   -154.000183
   -153.000451
   -151.999858
   -150.999634
   -149.999669
   -148.999804
   -147.999648
   -147.000044
   -145.999420
   -145.000026
   -143.999738
   -142.999999
   -142.000143
   -141.000619
   -140.000067
   -138.999968
   -137.999305
   -136.999938
   -136.000126
   -134.999977
   -133.999898
   -133.000507
   -131.999876
   -130.999585
   -130.000005
   -129.000084
   -127.999869
   -127.000055
   -125.999963
   -125.000202
   -123.999894
   -123.000208
   -121.999897
   -120.999863
   -120.000380
   -118.999741
   -117.999868
   -116.999849
   -116.000361
   -115.000030
   -113.999615
   -113.000223
   -111.999764
   -111.000086
   -110.000279
   -109.000203
   -107.999847
   -106.999794
   -106.000164
   -105.000163
   -104.000140
   -102.999693
   -101.999562
   -100.999878
   -99.999886
   -99.000143
   -98.000280
   -96.999903
   -95.999933
   -94.999842
   -93.999711
   -92.999840
   -91.999832
   -90.999971
   -90.000034
   -88.999923
   -88.000207
   -86.999891
   -85.999445
   -84.999589
   -84.000006
   -82.999916
   -82.000070
   -81.000134
   -79.999883
   -79.000192
   -78.000151
   -77.000077
   -76.000070
   -74.999829
   -74.000303
   -72.999953
   -71.999848
   -70.999846
   -69.999889
   -69.000064
   -67.999629
   -67.000277
   -65.999867
   -64.999833
   -64.000323
   -62.999538
   -62.000405
   -60.999501
   -60.000083
   -59.000213
   -57.999924
   -56.999621
   -56.000080
   -55.000118
   -54.000569
   -53.000091
   -51.999427
   -50.999384
   -50.000485
   -48.999926
   -47.999854
   -47.000518
   -45.999809
   -45.000517
   -43.999911
   -42.999990
   -41.999969
   -40.999985
   -40.000138
   -39.000273
   -38.000304
   -36.999915
   -36.000217
   -34.999877
   -34.000086
   -33.000195
   -32.000152
   -31.000136
   -30.000108
   -28.999999
   -27.999488
   -26.999960
   -26.000558
   -25.000068
   -23.999838
   -22.999726
   -22.000046
   -21.000126
   -19.999312
   -18.999852
   -17.999560
   -17.000391
   -15.999903
   -15.000264
   -13.999931
   -13.000203
   -12.000071
   -10.999801
   -9.999908
   -9.000297
   -7.999567
   -6.999848
   -6.000240
   -5.000198
   -4.000129
   -2.999604
   -2.000290
   -1.000225
   0.000161
   1.000311
   2.000005
   2.999543
   4.000140
   5.000036
   5.999762
   6.999570
   7.999884
   9.000312
   9.999954
   11.000024
   12.000306
   12.999554
   13.999994
   14.999934
   16.000579
   17.000208
   18.000136
   18.999904
   19.999729
   21.000007
   22.000109
   22.999991
   23.999560
   24.999675
   26.000111
   26.999642
   27.999890
   29.000191
   29.999158
   31.000190
   32.000022
   32.999845
   34.000641
   35.000080
   36.000046
   36.999468
   37.999747
   38.999590
   40.000367
   40.999960
   41.999790
   43.000032
   43.999548
   45.000282
   46.000285
   46.999653
   47.999920
   49.000218
   50.000166
   51.000506
   52.000047
   53.000147
   54.000428
   55.000483
   56.000190
   57.000096
   57.999857
   59.000196
   60.000423
   60.999571
   62.000414
   63.000057
   64.000128
   65.000429
   66.000244
   66.999947
   67.999632
   68.999793
   70.000182
   71.000194
   72.000259
   72.999741
   73.999646
   75.000110
   76.000041
   76.999986
   78.000243
   79.000767
   79.999681
   81.000270
   81.999878
   82.999801
   84.000439
   85.000266
   86.000288
   87.000126
   88.000140
   88.999729
   89.999756
   91.000123
   91.999978
   92.999978
   93.999913
   95.000354
   95.999976
   96.999987
   98.000076
   99.000059
   99.999791
   101.000322
   102.000053
   102.999915
   104.000564
   105.000434
   106.000181
   107.000012
   107.999766
   108.999782
   109.999485
   111.000318
   111.999922
   113.000629
   114.000010
   115.000009
   115.999728
   117.000459
   117.999988
   118.999843
   120.000247
   121.000341
   122.000213
   122.999921
   123.999882
   124.999228
   125.999633
   126.999996
   128.000469
   129.000328
   129.999755
   130.999777
   132.000039
   133.000179
   133.999852
   134.999875
   136.000327
   137.000315
   138.000100
   139.000540
   139.999483
   140.999861
   142.000413
   143.000156
   144.000156
   144.999941
   146.000323
   147.000038
   147.999735
   148.999972
   149.999999
   151.000021
   152.000018
   153.000291
   154.000150
   155.000083
   156.000092
   157.000147
   157.999716
   159.000055
   159.999894
   161.000002
   161.999807
   163.000015
   163.999975
   165.000087
   166.000266
   167.000038
   167.999825
   168.999760
   170.000174
   170.999756
   171.999925
   173.000263
   174.000151
   175.000355
   175.999835
   176.999497
   178.000492
   178.999968
   179.999951
   180.999628
   181.999946
   182.999842
   184.000463
   185.000197
   185.999355
   187.000112
   188.000014
   188.999994
   190.000285
   190.999422
   191.999806
   193.000108
   193.999583
   194.999624
   195.999526
   197.000342
   198.000213
   198.999990
   199.999951
   200.999703
   201.999856
   202.999943
   204.000116
   205.000364
   206.000275
   207.000089
   207.999773
   209.000051
   209.999544
   211.000512
   212.000215
   212.999828
   214.000209
   214.999741
   216.000007
   217.000329
   217.999699
   219.000354
   219.999846
   220.999850
   221.999581
   222.999837
   223.999773
   224.999742
   225.999658
   226.999852
   227.999496
   228.999783
   230.000439
   230.999974
   232.000282
   233.000002
   233.999998
   234.999813
   236.000171
   237.000208
   238.000119
   239.000319
   239.999778
   240.999465
   242.000094
   242.999901
   244.000322
   244.999534
   246.000618
   246.999988
   247.999942
   248.999905
   250.000325
   250.999837
   251.999843
   253.000104
   253.999902
   255.000176
   255.999942
   257.000160
   257.999953
   259.000081
   259.999898
   261.000595
   262.000593
   263.000382
   264.000282
   264.999953
   265.999899
   267.000004
   267.999913
   269.000092
   270.000144
   270.999932
   272.000280
   272.999804
   273.999699
   274.999925
   276.000191
   276.999454
   278.000157
   278.999865
   280.000161
   280.999793
   281.999405
   283.000310
   283.999818
   284.999766
   286.000324
   286.999546
   288.000037
   289.000157
   289.999630
   291.000111
   291.999743
   292.999891
   294.000385
   294.999989
   296.000120
   296.999999
   297.999948
   298.999974
   300.000417
   300.999894
   301.999678
   303.000277
   303.999977
   304.999745
   305.999639
   306.999994
   308.000644
   309.000132
   309.999804
   310.999932
   312.000119
   312.999587
   314.000064
   314.999998
   316.000425
   316.999833
   317.999682
   319.000106
   319.999780
   321.000102
   321.999946
   323.000013
   324.000271
   324.999601
   326.000925
   326.999825
   328.000005
   329.000177
   330.000493
   330.999645
   331.999963
   333.000021
   334.000436
   334.999951
   335.999830
   337.000161
   338.000256
   339.000296
   339.999641
   341.000316
   341.999980
   342.999862
   343.999768
   344.999980
   346.000141
   347.000300
   348.000187
   348.999928
   350.000140
   350.999848
   351.999763
   352.999746
   353.999674
   355.000589
   355.999808
   356.999809
   358.000285
   358.999763
   360.000106
   360.999761
   362.000069
   363.000139
   364.000113
   365.000349
   365.999982
   367.000316
   367.999629
   368.999928
   369.999746
   371.000359
   372.000287
   373.000413
   373.999845
   374.999272
   376.000216
   377.000254
   378.000054
   379.000591
   380.000082
   380.999950
   382.000305
   382.999550
   383.999558
   385.000240
   385.999864
   387.000123
   387.999528
   389.000366
   390.000116
   391.000238
   392.000188
   393.000088
   394.000022
   394.999995
   395.999912
   396.999991
   398.000221
   399.000000
   400.000152
   400.999699
   402.000263
   402.999872
   403.999964
   404.999758
   405.999910
   406.999861
   408.000370
   409.000061
   409.999883
   411.000001
   412.000450
   412.999758
   414.000054
   415.000601
   415.999798
   417.000505
   418.000195
   418.999999
   420.000054
   420.999560
   422.000534
   423.000520
   424.000603
   424.999864
   425.999671
   426.999827
   428.000402
   429.000025
   430.000211
   430.999703
   431.999823
   432.999427
   433.999926
   435.000183
   435.999655
   437.000013
   438.000161
   438.999759
   440.000172
   440.999757
   442.000207
   443.000158
   444.000082
   445.000570
   446.000193
   446.999696
   447.999820
   448.999481
   449.999376
   451.000071
   451.999916
   452.999762
   454.000155
   455.000281
   456.000595
   457.000452
   457.999823
   459.000297
   459.999875
   460.999589
   462.000048
   463.000394
   463.999893
   464.999675
   466.000071
   467.000416
   467.999479
   468.999629
   470.000021
   471.000346
   472.000033
   472.999507
   473.999861
   474.999549
   476.000171
   477.000141
   478.000007
   479.000247
   480.000293
   480.999983
   482.000088
   482.999924
   484.000097
   485.000070
   486.000195
   486.999654
   487.999692
   489.000353
   489.999669
   491.000476
   491.999844
   492.999985
   494.000242
   495.000291
   496.000084
   497.000022
   497.999730
   499.000219
   500.000155
   500.999392
   501.999831
   503.000201
   504.000216
   505.000137
   506.000674
   507.000069
   508.000551
   509.000329
   509.999634
   511.000188
   511.999616
